983
646
454
715
464
688
428
430
572
947
177
88
552
866
12
108
413
165
52
170
203
729
236
361
479
272
656
781
112
566
728
578
131
827
54
348
807
39
137
899
712
555
630
416
512
666
144
856
609
771
65
473
304
169
117
268
540
307
627
422
597
872
726
429
60
713
838
683
174
691
776
676
403
790
73
50
453
271
700
596
247
488
953
107
329
518
608
938
477
910
764
653
768
23
668
797
201
696
302
4
77
1022
563
813
994
398
250
895
257
352
390
777
139
311
589
442
724
133
94
885
808
651
255
912
485
83
972
490
15
860
111
369
779
1000
677
462
320
901
674
922
57
68
751
414
871
351
251
692
242
723
530
594
740
762
22
840
914
616
408
943
163
233
267
865
819
541
53
91
343
893
571
542
968
193
162
851
703
942
949
363
372
134
727
192
919
689
925
313
921
17
744
141
520
1013
826
586
437
213
130
99
817
254
382
890
587
982
76
289
147
13
80
637
750
917
685
194
465
568
556
494
118
327
549
30
166
187
574
582
266
292
601
461
737
391
126
854
55
173
944
756
28
480
876
560
952
619
958
402
680
325
450
20
814
743
399
697
957
241
898
410
538
670
326
208
954
841
45
716
849
793
1020
847
955
544
367
471
1017
178
811
48
143
215
87
833
291
305
378
381
745
832
628
157
888
672
678
991
649
466
863
884
1001
109
577
276
686
438
279
752
933
900
183
877
38
506
928
996
293
270
171
476
155
990
168
592
657
256
14
460
534
394
281
963
736
119
374
671
113
654
217
645
993
1021
1018
125
501
970
695
505
551
989
878
966
227
365
150
225
261
620
451
49
579
749
396
731
800
761
673
1006
862
593
444
34
319
492
397
916
447
446
753
152
153
519
558
701
44
718
154
219
85
328
353
704
522
140
904
317
90
733
975
218
405
309
456
434
842
769
357
984
1004
648
21
836
662
384
426
999
209
961
406
334
238
742
459
844
815
1011
642
335
262
892
545
10
935
682
498
121
694
603
915
831
474
116
795
175
41
652
486
224
570
643
789
200
226
182
188
294
6
803
285
432
232
567
423
650
411
585
806
205
533
66
347
791
857
605
812
796
879
559
599
321
439
941
539
230
345
886
5
483
417
516
839
946
974
136
981
965
622
755
929
244
500
659
823
625
706
785
721
103
349
425
323
467
880
176
707
934
199
290
810
513
16
264
482
197
448
74
350
379
220
902
988
783
246
631
211
635
590
546
598
617
969
896
63
124
3
786
191
59
788
277
705
29
424
393
923
717
303
734
234
240
861
517
359
956
123
1016
184
47
452
1
882
897
180
521
392
632
395
330
526
105
7
948
976
100
937
258
889
135
31
338
198
754
360
681
301
164
455
27
92
308
341
822
248
667
845
245
75
32
36
149
859
427
274
314
497
629
967
573
1010
375
784
102
964
763
930
70
1012
186
84
259
81
675
97
35
61
265
698
973
458
263
383
344
128
787
869
216
962
252
830
284
298
207
104
524
282
548
909
283
569
971
531
33
924
407
725
275
610
475
0
846
639
881
828
223
805
253
412
322
905
887
722
774
306
626
441
93
710
196
747
221
19
604
837
436
553
214
821
658
997
508
709
484
364
189
732
146
356
418
588
158
918
607
145
96
470
772
615
719
299
433
138
26
278
583
760
62
932
132
435
535
602
591
581
387
511
580
269
606
843
537
528
557
98
342
502
945
927
801
638
122
324
960
370
634
415
621
766
161
757
735
499
239
82
775
495
377
167
798
647
835
212
286
931
46
296
1009
661
738
739
561
339
741
509
907
515
129
443
564
986
992
770
702
995
366
612
852
633
1008
463
487
210
663
431
148
160
202
894
25
71
2
56
478
978
1003
562
959
613
708
575
318
543
419
834
195
1015
864
185
939
853
67
687
950
78
336
86
409
9
190
332
936
926
782
874
355
532
536
472
371
11
623
24
825
89
457
848
260
816
858
802
142
243
297
987
237
489
903
358
362
69
468
42
388
664
151
354
911
523
156
998
855
804
977
469
127
799
316
106
665
310
249
115
748
618
300
773
746
778
547
79
18
867
120
693
684
565
64
624
527
514
386
554
368
380
420
824
8
95
940
951
340
37
584
660
655
389
1007
287
875
222
101
231
110
493
850
114
51
891
481
979
229
690
400
614
491
373
576
820
1023
346
312
636
758
794
767
40
72
730
714
507
640
699
421
868
809
1019
504
172
870
204
759
550
1014
1005
404
228
913
440
385
206
58
337
711
273
331
611
765
792
43
496
179
449
908
510
980
376
641
883
503
720
235
401
595
445
181
644
829
669
679
1002
159
315
818
780
333
525
529
906
920
873
280
985
600
288
295
