-7.97122
-7.27901
-12.5135
-11.346
-9.55381
-11.5076
-7.35557
-4.81364
-9.50325
-9.87589
-8.82394
-14.9937
-6.1323
-3.23671
-1.84076
-8.08011
-5.27831
-15
-5.62588
-8.14285
-5.75766
-12.846
-5.36287
-6.14923
-1.9889
-1.56864
-9.61996
-5.08507
-11.3142
-8.54265
-13.0677
-3.69324
-6.97379
-10.8034
-4.1987
-8.12176
-3.53138
-7.90624
-8.27727
-6.36107
-11.8144
-5.36664
-6.40646
-1.63922
-1.35056
-7.18033
-10.3732
-12.2523
-2.59607
-6.73434
-0.314328
-11.4924
-2.46785
-8.35078
-8.88611
-5.1677
-8.97883
-10.726
-5.01433
-8.94561
-7.05181
-8.78211
-9.43443
-5.9068
-4.50269
-11.2333
-7.56389
-9.85658
-9.61125
-5.85496
-6.16763
-7.92768
-4.64814
-3.92635
-6.33227
-9.54724
-13.2632
-3.10898
-7.55129
-6.18953
-6.99828
-7.76594
-11.2869
-7.02202
-9.53666
-6.25372
-1.50195
-8.97325
-6.5392
-11.5709
-5.77677
-9.9701
-1.72286
-4.78739
-8.95413
-4.28433
-8.94031
-8.81569
-5.9236
-5.5822
-7.59736
-0.0537417
-7.92535
-6.40748
-1.68724
-4.25345
-5.56882
-1.13378
-4.66587
-1.48328
-7.72361
-3.80453
-7.17364
-11.3945
-5.75762
-12.6191
-9.88868
-14.1294
-1.15432
-6.36768
-3.58743
-8.15253
-1.50836
-10.0194
-10.3553
-8.14329
-7.1879
-7.06384
-1.87556
-5.49226
-12.885
-6.32654
-5.0039
-5.42106
-6.88242
-9.10039
-1.20611
-14.9895
-6.33329
-10.3351
-12.4426
-8.85486
-10.0629
-3.88651
-9.67082
-1.70604
-4.48093
-6.71427
-5.47809
-9.05378
-9.95693
-7.45622
-12.9631
-11.6142
-2.40534
-6.5897
-15
-10.7261
-8.81366
-10.2801
-7.42782
-6.08309
-5.77229
-3.67029
-6.54391
-8.00565
-3.90688
-7.71202
-9.89504
-3.48024
-14.9947
-3.86619
-6.95398
-2.96435
-2.30897
-9.37913
-1.61937
-9.16709
-10.985
-10.8139
-9.33255
-14.8532
-13.238
-1.24771
-10.5986
-11.7639
-3.90722
-12.7181
-13.107
-3.60358
-10.9894
-7.84312
-5.43051
-6.13759
-9.49838
-5.21022
-10.1062
-9.386
-4.06535
-6.60466
-6.96807
-2.98263
-3.18332
-12.8381
-4.26554
-7.60747
-6.55489
-2.07206
-11.5731
-1.95409
-8.79879
-6.39171
-9.60075
-8.89877
-10.5636
-5.23564
-8.78025
-13.2917
-5.09069
-11.1052
-6.92512
-10.6159
-6.47486
-0.746558
-12.8212
-9.45383
-4.23107
-13.4101
-6.94442
-10.661
-12.0194
-8.70513
-2.32833
-7.49461
-1.54183
-6.32267
-6.77589
-7.94635
-11.135
-11.6604
-2.11703
-1.43734
-12.6413
-8.54809
-10.6799
-5.54741
-0.21369
-5.32792
-7.3323
-11.9369
-2.20449
-2.91117
-7.12529
-12.2259
-2.43095
-8.05946
-1.20425
-3.92491
-5.23462
-7.72258
-8.76971
-2.86867
-11.8747
-6.52811
-8.97345
-7.07781
-4.56812
-10.6605
-11.1285
-8.05918
-1.03494
-9.51883
-5.14887
-1.31767
-3.94173
-8.91707
-4.39472
-10.7954
-4.52718
-4.83556
-11.83
-6.36963
-8.51506
-3.69859
-7.59869
-4.22059
-8.116
-5.69407
-8.63844
-1.852
-5.66362
-4.54534
-11.2902
-1.64853
-7.13986
-0.141665
-7.36382
-9.41443
-0.967585
-8.85632
-5.81055
-9.06849
-2.63016
-8.58857
-11.2367
-7.67628
-10.0031
-10.6903
-10.2169
-11.8097
-8.19128
-13.8048
-9.40138
-8.62409
-1.40689
-3.2974
-11.8026
-6.04888
-7.36632
-12.1421
-10.1315
-0.18492
-9.72147
-8.64686
-9.77912
-1.97079
-1.93473
-8.84527
-8.28005
-6.88766
-11.1398
-3.6856
-1.58595
-8.44528
-6.90535
-2.05497
-9.84505
-10.5024
-8.71788
-8.64256
-0.917256
-0.0914514
-3.80888
-3.98687
-13.6348
-7.88141
-8.05257
-7.63774
-9.30864
-0.23788
-12.328
-8.10559
-7.93257
-8.72613
-8.47685
-4.23991
-5.5604
-5.98035
-6.74078
-6.64527
-7.98456
-8.97481
-7.35804
-11.5475
-2.04325
-10.8209
-3.1955
-3.88227
-1.09678
-10.0766
-9.63249
-2.33535
-1.79957
-9.2409
-6.3252
-10.5309
-1.95495
-3.38169
-10.9409
-11.5735
-14.9949
-6.68982
-9.84423
-4.3117
-4.44084
-11.652
-14.9945
-6.03911
-6.6215
-7.61532
-1.85147
-1.41072
-6.90878
-7.86943
-8.28142
-4.80112
-14.7962
-2.50066
-7.21143
-7.78878
-6.96566
-11.6007
-9.97374
-5.02745
-6.9972
-3.06401
-7.7633
-9.71286
-4.94237
-9.24624
-2.15307
-12.8677
-5.33531
-1.63335
-8.19347
-5.11421
-6.01359
-1.23043
-6.26554
-7.67042
-6.53446
-12.7325
-9.27699
-10.6308
-7.3089
-4.20316
-7.2495
-5.39341
-5.83259
-5.75571
-2.79794
-3.12139
-10.8609
-11.0324
-10.6038
-14.9899
-4.9834
-12.9777
-12.5406
-1.13195
-12.8045
-10.6924
-7.99991
-9.66488
-5.72769
-8.86801
-10.1442
-1.80098
-13.5862
-10.4303
-5.8249
-8.50714
-6.55183
-9.8286
-5.13292
-10.793
-5.37119
-6.12624
-5.91864
-6.1692
-5.54728
-12.1871
-9.11642
-8.72594
-10.1484
-5.02887
-5.01648
-7.9013
-8.87843
-2.05921
-12.3895
-4.87538
-12.1571
-5.56052
-6.4681
-5.58155
-9.02612
-8.90594
-9.51805
-1.48375
-8.35341
-9.24771
-9.86512
-6.20559
-9.95597
-7.36151
-6.44076
-6.61535
-2.92084
-6.02061
-6.50788
-11.204
-6.38105
-10.9945
-7.87751
-6.26513
-8.39329
-11.6695
-2.58705
-7.59834
-13.3971
-5.90664
-7.2437
-9.77909
-4.0139
-8.01461
-15
-13.9069
-4.54063
-8.09907
-6.50199
-10.8243
-10.6984
-9.52231
-7.82403
-10.8244
-8.83115
-3.41177
-4.42013
-3.22706
-2.55391
-5.64344
-4.10527
-11.2682
-1.59498
-6.16569
-2.5597
-8.96219
-5.47455
-12.6536
-0.633727
-6.74202
-7.97269
-8.11202
-8.24771
-9.42669
-7.71416
-4.35881
-7.75522
-6.75275
-7.33423
-1.82661
-1.02164
-8.1235
-3.39477
-9.52677
-1.27855
-6.60605
-8.28296
-10.7222
-1.92517
-0.620333
-8.61052
-5.74532
-7.16234
-10.8075
-3.49892
-1.72213
-7.10357
-3.44418
-3.27909
-5.75248
-8.3193
-3.06898
-9.52052
-4.712
-8.19224
-4.60175
-12.319
-0.406161
-14.9993
-3.54907
-11.4624
-4.59989
-5.7211
-7.6543
-7.87578
-12.2903
-11.8956
-7.25463
-5.21755
-9.99002
-7.39634
-9.27638
-8.3394
-5.99671
-12.3783
-13.7192
-1.13972
-12.5678
-11.4334
-11.0298
-5.76087
-7.91109
-6.41347
-14.9949
-11.9256
-3.28683
-5.59319
-10.8867
-10.8488
-3.62319
-8.73133
-8.62013
-11.417
-9.18568
-6.42651
-0.246465
-8.54506
-11.0532
-9.19701
-7.95133
-4.92888
-13.3734
-8.72974
-5.90409
-8.00898
-7.32152
-3.85893
-6.60168
-7.94618
-13.9183
-4.67368
-11.9815
-4.63433
-13.9281
-4.66951
-13.1589
-8.84187
-5.77528
-7.4985
-8.3332
-0.576404
-5.33536
-1.57617
-6.46312
-9.90899
-7.04203
-9.24106
-6.31751
-1.78055
-9.59332
-0.743489
-9.065
-14.3209
-7.27042
-2.22443
-6.42617
-1.9618
-6.54929
-8.99061
-8.65453
-10.2581
-7.97093
-9.95732
-7.05887
-14.251
-7.68282
-12.7556
-9.04175
-11.2215
-0.460154
-5.91426
-8.14721
-8.32946
-6.09166
-4.58181
-14.9885
-0.378645
-11.7922
-1.94648
-14.9998
-6.12758
-1.20509
-6.54965
-5.75323
-8.05394
-2.77585
-7.11232
-8.49009
-10.5189
-8.82029
-8.51052
-6.84438
-12.1016
-2.80919
-11.5955
-11.4936
-8.95074
-4.33993
-3.06263
-9.25277
-10.3672
-9.72194
-5.09893
-7.42279
-3.35493
-6.60555
-3.38726
-9.06149
-10.8008
-10.0105
-9.29556
-3.21873
-5.19848
-8.46212
-5.96849
-3.2678
-4.36231
-2.23846
-9.69191
-2.07642
-8.39124
-0.459121
-9.81194
-10.4644
-13.0928
-9.42455
-8.01242
-4.35738
-6.70362
-5.34735
-10.2862
-13.3481
-11.3647
-0.754959
-8.21583
-11.9379
-6.65393
-9.49304
-11.8295
-8.08616
-12.4851
-3.8558
-2.07163
-11.8072
-6.10266
-3.18523
-8.56582
-8.38593
-7.64803
-6.35767
-2.61481
-9.66595
-9.08503
-10.5513
-0.663198
-3.06959
-3.35424
-14.3383
-8.97518
-1.07099
-10.2646
-7.28176
-2.09191
-7.55389
-2.03902
-1.11247
-9.02484
-1.54147
-11.7085
-4.72032
-8.52339
-8.33436
-9.83686
-7.81563
-9.63713
-2.17938
-8.88807
-9.02004
-9.02041
-3.86498
-6.53968
-5.38314
-7.39784
-4.37888
-5.28442
-3.33329
-7.88907
-10.2657
-13.74
-12.8936
-6.90753
-11.0017
-5.92337
-1.27006
-12.7795
-7.48445
-6.12395
-1.06743
-4.02744
-2.35841
-2.86204
-6.18397
-14.0363
-6.09271
-7.5168
-4.50034
-9.96366
-10.0471
-9.48453
-6.25394
-6.01324
-12.4395
-0.820505
-8.13744
-1.60767
-5.64583
-10.7911
-1.44169
-11.611
-3.47606
-7.37671
-5.30847
-8.88524
-0.380122
-11.9419
-9.96968
-2.09547
-3.50494
-2.00925
-7.31682
-4.8469
-8.86224
-5.31036
-1.92508
-11.3893
-10.7277
-5.09375
-5.23012
-9.93915
-9.81771
-10.3824
-3.80842
-5.85397
-8.70825
-4.29352
-1.75653
-10.8295
-8.3979
-1.42854
-4.82754
-7.09842
-3.51141
-10.8027
-9.29498
-12.0651
-9.76262
-2.26961
-8.18227
-5.57814
-8.90907
-14.9943
-8.44995
-9.83301
-6.31306
-6.94787
-11.6115
-4.15771
-10.8553
-5.69065
-7.77134
-2.56949
-6.81717
-5.92347
-10.7259
-8.60086
-9.41343
-12.9285
-13.6257
-5.26721
-5.89326
-6.3942
-8.24633
-1.7375
-8.67347
-6.53306
-6.01827
-3.7383
-9.02324
-7.42051
-6.72085
-14.5785
-1.15259
-1.1604
-7.10456
-5.78778
-6.05671
-10.8716
-8.74111
-9.23804
-9.74316
-7.31233
-7.25849
-10.2751
-8.32612
-3.81113
-6.58755
-9.6902
-3.85746
-7.04756
-14.9923
-6.19398
-9.75948
-8.61766
-0.155971
-10.0574
-10.0972
-5.17259
-2.76836
-6.52895
-3.32376
-7.64794
-10.4739
-8.95235
-3.86284
-1.12502
-9.2736
-10.5755
-12.8679
-10.1176
-8.62552
-5.89225
-8.98498
-6.7129
-4.28226
-1.87937
-9.27865
-2.26782
-13.3778
-6.12343
-10.7485
-9.42799
-12.0654
-8.00139
-5.82809
-10.6965
-2.32533
-6.43569
-6.23169
-8.32276
-2.7079
-11.3826
-7.57412
-8.68974
-1.64477
-4.36694
-0.155482
-11.6573
-11.5169
-8.74986
-8.39532
-9.35482
-1.44373
-5.57221
-8.27798
-13.5089
-11.149
-10.0833
-1.47363
-10.3275
-10.0797
-13.3188
-3.91282
-2.4591
-9.22308
-8.29678
-11.3523
-6.07037
-11.2203
-8.82147
-5.89623
-3.76177
-5.24303
-8.15938
-14.461
-11.7451
-2.62125
-8.53027
-8.02473
-7.16286
-11.9451
-3.31192
-11.9846
-9.88649
-3.69589
-6.85113
-4.69536
-7.96093
-11.8634
-2.29155
-14.0534
-3.68343
-6.96632
-7.41847
-3.44578
-11.6974
-8.85623
-13.1133
-4.90394
-4.09357
-6.45344
-5.44801
-11.1293
-11.3935
-3.82524
-6.04268
-7.44478
-5.54661
-1.16754
-11.7109
-7.87664
-5.92885
-8.576
-8.92758
-9.15284
-8.72496
-11.8659
-7.30232
-11.4906
-9.57576
-12.6864
-1.65377
-9.76153
