-7.366620000000000168e+00
-5.354669999999999597e+00
-1.200000000000000000e+01
-1.196979999999999933e+01
-5.725979999999999848e+00
-9.597409999999999997e+00
-9.002570000000000405e+00
-3.738329999999999931e+00
-1.119459999999999944e+01
-7.559239999999999959e+00
-7.923000000000000043e+00
-1.199440000000000062e+01
-7.844630000000000436e+00
-2.067699999999999871e+00
-1.102840000000000042e+00
-9.792329999999999757e+00
-4.824779999999999625e+00
-1.196330000000000027e+01
-5.571509999999999962e+00
-9.949980000000000047e+00
-5.984149999999999636e+00
-1.200000000000000000e+01
-4.502799999999999692e+00
-4.828109999999999680e+00
-1.828480000000000105e+00
-8.418940000000000312e-01
-1.098809999999999931e+01
-4.385609999999999786e+00
-9.119289999999999452e+00
-1.200000000000000000e+01
-1.196909999999999918e+01
-2.774729999999999919e+00
-7.543059999999999654e+00
-6.919130000000000003e+00
-2.361709999999999976e+00
-5.425220000000000375e+00
-3.118390000000000217e+00
-5.953829999999999956e+00
-1.113990000000000080e+01
-7.452099999999999724e+00
-8.440350000000000463e+00
-6.595740000000000158e+00
-7.388150000000000439e+00
-1.308570000000000011e+00
-1.369229999999999947e+00
-5.057349999999999568e+00
-1.037940000000000040e+01
-1.200000000000000000e+01
-1.016270000000000007e+00
-5.523019999999999818e+00
-6.474330000000000362e-01
-1.197209999999999930e+01
-1.310210000000000097e+00
-1.080579999999999963e+01
-1.047930000000000028e+01
-5.169970000000000176e+00
-8.915520000000000778e+00
-1.186289999999999978e+01
-4.904819999999999958e+00
-9.958050000000000068e+00
-8.278940000000000410e+00
-1.052110000000000056e+01
-6.383110000000000284e+00
-5.707930000000000170e+00
-1.518429999999999946e+00
-6.756240000000000023e+00
-8.261499999999999844e+00
-1.168280000000000030e+01
-8.067470000000000141e+00
-5.596269999999999634e+00
-3.957300000000000040e+00
-4.881199999999999761e+00
-4.027029999999999887e+00
-2.325470000000000148e+00
-4.635690000000000310e+00
-4.101779999999999760e+00
-1.200000000000000000e+01
-1.606459999999999999e+00
-4.761610000000000120e+00
-5.212589999999999613e+00
-7.499859999999999971e+00
-9.383110000000000284e+00
-8.945330000000000226e+00
-7.318459999999999965e+00
-8.328110000000000568e+00
-6.908489999999999576e+00
-1.310680000000000067e+00
-9.552339999999999165e+00
-4.890959999999999752e+00
-8.900119999999999365e+00
-4.786389999999999922e+00
-9.124629999999999797e+00
-1.190560000000000063e+00
-2.835900000000000087e+00
-6.863319999999999865e+00
-1.821749999999999980e+00
-1.019619999999999926e+01
-6.247309999999999697e+00
-4.372480000000000366e+00
-3.329889999999999795e+00
-8.504580000000000695e+00
-1.241929999999999978e+00
-7.026530000000000165e+00
-4.486279999999999824e+00
-1.214800000000000102e+00
-3.148080000000000211e+00
-6.246800000000000352e+00
-1.450860000000000039e+00
-1.286950000000000038e+00
-1.054419999999999913e+00
-6.470369999999999955e+00
-2.239300000000000068e+00
-9.651910000000000878e+00
-6.511129999999999640e+00
-4.014689999999999870e+00
-1.195829999999999949e+01
-9.813980000000000814e+00
-1.147209999999999930e+01
-1.180039999999999978e+00
-8.880630000000000024e+00
-2.222030000000000172e+00
-7.636400000000000077e+00
-1.542659999999999920e+00
-8.539930000000000021e+00
-1.100350000000000072e+01
-7.371690000000000076e+00
-6.583859999999999602e+00
-8.509639999999999205e+00
-1.280799999999999939e+00
-4.681840000000000224e+00
-1.199360000000000070e+01
-2.494850000000000012e+00
-4.208750000000000213e+00
-3.603289999999999882e+00
-5.670060000000000322e+00
-9.046120000000000161e+00
-1.027249999999999996e+00
-1.045470000000000077e+01
-2.796440000000000037e+00
-6.834109999999999907e+00
-1.109820000000000029e+01
-7.987910000000000288e+00
-1.047729999999999961e+01
-1.999230000000000063e+00
-1.165230000000000032e+01
-1.521069999999999922e+00
-4.451559999999999739e+00
-5.690640000000000143e+00
-4.516070000000000029e+00
-1.155359999999999943e+01
-6.853539999999999743e+00
-8.331500000000000128e+00
-1.120170000000000066e+01
-1.072470000000000034e+01
-1.620870000000000033e+00
-7.132979999999999876e+00
-1.110919999999999952e+01
-5.052740000000000009e+00
-5.588000000000000078e+00
-1.200000000000000000e+01
-7.461350000000000371e+00
-5.887809999999999988e+00
-3.708219999999999850e+00
-1.358360000000000012e+00
-6.642360000000000042e+00
-6.412530000000000285e+00
-3.508669999999999956e+00
-8.450029999999999930e+00
-5.930719999999999992e+00
-2.020589999999999886e+00
-1.198540000000000028e+01
-2.079899999999999860e+00
-5.856349999999999945e+00
-1.393299999999999983e+00
-2.119110000000000049e+00
-9.595929999999999183e+00
-1.675669999999999993e+00
-9.940659999999999386e+00
-9.486549999999999372e+00
-1.200000000000000000e+01
-1.167300000000000004e+01
-1.195630000000000059e+01
-1.131060000000000088e+01
-1.119019999999999904e+00
-1.064860000000000007e+01
-9.003339999999999677e+00
-1.909969999999999946e+00
-1.197279999999999944e+01
-6.252799999999999692e+00
-1.203030000000000044e+00
-9.992390000000000327e+00
-7.694029999999999703e+00
-7.523710000000000342e+00
-2.671749999999999847e+00
-7.428029999999999688e+00
-5.103379999999999583e+00
-7.384360000000000035e+00
-9.998760000000000758e+00
-2.411989999999999856e+00
-7.106440000000000090e+00
-2.736299999999999955e+00
-1.647920000000000051e+00
-1.768150000000000110e+00
-9.972139999999999560e+00
-4.215489999999999959e+00
-6.319069999999999965e+00
-6.522569999999999979e+00
-8.066370000000000484e-01
-1.148649999999999949e+01
-1.172460000000000058e+00
-6.878440000000000332e+00
-6.227039999999999687e+00
-8.450210000000000221e+00
-1.099869999999999948e+01
-8.116699999999999804e+00
-4.904390000000000249e+00
-5.899189999999999934e+00
-1.198460000000000036e+01
-3.854880000000000084e+00
-8.833310000000000883e+00
-6.883420000000000094e+00
-1.100799999999999912e+01
-7.818670000000000009e+00
-1.708350000000000035e+00
-1.195199999999999996e+01
-9.244369999999999976e+00
-2.494790000000000063e+00
-1.200000000000000000e+01
-3.355500000000000149e+00
-9.097569999999999268e+00
-1.198799999999999955e+01
-1.007869999999999955e+01
-1.064060000000000006e+00
-5.677749999999999631e+00
-1.380360000000000031e+00
-6.211949999999999861e+00
-6.304050000000000153e+00
-7.217959999999999710e+00
-1.167689999999999984e+01
-1.200000000000000000e+01
-9.183529999999999749e-01
-1.329979999999999940e+00
-1.181910000000000061e+01
-8.481419999999999959e+00
-9.509790000000000632e+00
-4.321990000000000443e+00
-9.259640000000000093e-01
-2.657140000000000057e+00
-2.915230000000000210e+00
-1.199469999999999992e+01
-1.382589999999999986e+00
-2.499719999999999942e+00
-3.066399999999999793e+00
-1.199810000000000088e+01
-1.176520000000000010e+00
-8.018959999999999866e+00
-1.031700000000000061e+00
-3.633239999999999803e+00
-4.294380000000000308e+00
-7.071609999999999729e+00
-8.073610000000000397e+00
-1.505970000000000031e+00
-1.200000000000000000e+01
-7.082790000000000141e+00
-6.507970000000000255e+00
-5.811410000000000409e+00
-3.473149999999999959e+00
-1.103659999999999997e+01
-5.031920000000000393e+00
-8.383800000000000807e+00
-9.987300000000000066e-01
-4.062199999999999811e+00
-5.955309999999999881e+00
-1.482310000000000016e+00
-1.524170000000000025e+00
-9.114229999999999166e+00
-4.840230000000000032e+00
-9.714190000000000325e+00
-3.575110000000000010e+00
-3.032639999999999780e+00
-1.197949999999999982e+01
-7.622709999999999653e+00
-7.005799999999999805e+00
-9.578769999999999785e-01
-5.224779999999999980e+00
-2.738259999999999916e+00
-6.859770000000000145e+00
-4.557640000000000136e+00
-4.926619999999999777e+00
-1.127769999999999939e+00
-4.253470000000000084e+00
-3.270129999999999981e+00
-1.121589999999999954e+01
-1.210220000000000073e+00
-5.644090000000000273e+00
-1.315029999999999921e+00
-2.613249999999999851e+00
-1.033539999999999992e+01
-1.377070000000000016e+00
-1.093369999999999997e+01
-3.766070000000000029e+00
-1.129349999999999987e+01
-1.065080000000000027e+00
-4.696229999999999905e+00
-8.909599999999999298e+00
-6.053919999999999746e+00
-7.273979999999999890e+00
-1.002740000000000009e+01
-7.844149999999999956e+00
-9.138889999999999958e+00
-9.998390000000000555e+00
-9.705339999999999634e+00
-8.709229999999999805e+00
-8.949579999999999202e+00
-1.429450000000000109e+00
-3.228460000000000107e+00
-1.200000000000000000e+01
-4.019940000000000069e+00
-8.797280000000000655e+00
-9.866410000000000124e+00
-1.105129999999999946e+01
-1.019060000000000077e+00
-1.198119999999999941e+01
-1.195700000000000074e+01
-1.079359999999999964e+01
-1.046149999999999913e+00
-1.298119999999999941e+00
-1.182520000000000060e+01
-1.200000000000000000e+01
-4.699349999999999916e+00
-1.198670000000000080e+01
-4.329489999999999839e+00
-1.300499999999999989e+00
-7.035960000000000214e+00
-5.679689999999999905e+00
-1.622870000000000035e+00
-6.309590000000000032e+00
-1.083639999999999937e+01
-5.903380000000000294e+00
-6.588650000000000340e+00
-1.320599999999999996e+00
-9.708740000000000148e-01
-3.223980000000000068e+00
-2.190119999999999845e+00
-1.200000000000000000e+01
-7.195920000000000094e+00
-5.346639999999999837e+00
-8.557560000000000500e+00
-9.945410000000000750e+00
-7.385500000000000398e-01
-7.059720000000000439e+00
-6.068050000000000388e+00
-6.017850000000000144e+00
-9.322210000000000107e+00
-9.472630000000000550e+00
-1.339900000000000091e+00
-8.226520000000000721e+00
-6.069180000000000241e+00
-4.719039999999999679e+00
-3.280409999999999826e+00
-6.758610000000000007e+00
-8.906940000000000524e+00
-8.952680000000000859e+00
-1.140959999999999930e+01
-1.107199999999999962e+00
-1.200000000000000000e+01
-1.004969999999999919e+00
-3.483789999999999942e+00
-1.068289999999999962e+00
-1.111129999999999995e+01
-8.533289999999999154e+00
-8.351840000000000375e-01
-1.588940000000000019e+00
-1.011149999999999949e+01
-5.791009999999999991e+00
-1.131879999999999953e+01
-1.748979999999999979e+00
-1.719540000000000068e+00
-1.062260000000000026e+01
-1.200000000000000000e+01
-1.200000000000000000e+01
-8.081770000000000564e+00
-4.970509999999999984e+00
-1.898679999999999923e+00
-2.601449999999999818e+00
-9.207480000000000331e+00
-1.195679999999999943e+01
-4.963420000000000165e+00
-7.222489999999999633e+00
-7.192400000000000126e+00
-5.533749999999999503e-01
-1.340209999999999901e+00
-1.023450000000000060e+01
-9.929149999999999920e+00
-1.037609999999999921e+01
-3.768990000000000062e+00
-1.196380000000000088e+01
-2.010909999999999975e+00
-7.946860000000000035e+00
-4.955280000000000129e+00
-6.012520000000000309e+00
-8.538240000000000052e+00
-9.502819999999999823e+00
-4.272029999999999994e+00
-5.011940000000000062e+00
-1.017709999999999892e+00
-7.663750000000000284e+00
-9.469770000000000465e+00
-4.004120000000000346e+00
-2.623829999999999885e+00
-2.038969999999999949e+00
-7.836439999999999628e+00
-5.190900000000000070e+00
-1.181750000000000078e+00
-6.993870000000000253e+00
-3.712829999999999853e+00
-7.799879999999999924e+00
-1.174190000000000067e+00
-5.598230000000000040e+00
-6.075910000000000366e+00
-5.811250000000000249e+00
-1.198760000000000048e+01
-1.091039999999999921e+01
-1.033029999999999937e+01
-2.475550000000000139e+00
-2.855049999999999866e+00
-3.150840000000000085e+00
-2.497700000000000031e+00
-6.666080000000000005e+00
-5.653940000000000410e+00
-1.062259999999999982e+00
-1.774950000000000028e+00
-8.208520000000000039e+00
-1.047969999999999935e+01
-9.814450000000000784e+00
-1.199140000000000050e+01
-4.961030000000000051e+00
-1.198569999999999958e+01
-1.162219999999999942e+01
-1.300899999999999945e+00
-1.199189999999999934e+01
-1.198000000000000043e+01
-6.793040000000000411e+00
-1.059459999999999980e+01
-2.738690000000000069e+00
-8.216710000000000846e+00
-1.183029999999999937e+01
-1.087460000000000093e+00
-1.198680000000000057e+01
-5.855819999999999581e+00
-3.633000000000000007e+00
-9.309760000000000701e+00
-3.952949999999999964e+00
-1.196659999999999968e+01
-5.083619999999999806e+00
-1.200000000000000000e+01
-4.446850000000000414e+00
-4.091409999999999769e+00
-4.373219999999999885e+00
-3.076970000000000205e+00
-4.820330000000000226e+00
-1.199750000000000050e+01
-8.314859999999999474e+00
-5.440290000000000070e+00
-7.226110000000000255e+00
-5.959539999999999615e+00
-5.017129999999999868e+00
-8.256000000000000227e+00
-1.200000000000000000e+01
-1.329450000000000021e+00
-6.805049999999999599e+00
-4.279379999999999740e+00
-1.200000000000000000e+01
-7.366329999999999600e+00
-6.029770000000000074e+00
-3.963189999999999991e+00
-4.854180000000000383e+00
-7.271340000000000359e+00
-1.117549999999999955e+01
-5.308169999999999833e-01
-7.412600000000000300e+00
-8.230109999999999815e+00
-1.043880000000000052e+01
-4.306370000000000253e+00
-1.069890000000000008e+01
-9.435150000000000148e+00
-5.429660000000000153e+00
-4.212629999999999875e+00
-9.154870000000000507e-01
-3.949910000000000032e+00
-7.671059999999999768e+00
-8.036910000000000664e+00
-6.869180000000000064e+00
-1.200000000000000000e+01
-5.143469999999999764e+00
-6.541439999999999699e+00
-9.197440000000000282e+00
-1.199569999999999936e+01
-1.511779999999999902e+00
-3.571470000000000145e+00
-1.200000000000000000e+01
-4.840349999999999930e+00
-5.714229999999999698e+00
-1.197799999999999976e+01
-2.411179999999999879e+00
-6.353480000000000238e+00
-1.053250000000000064e+01
-1.199619999999999997e+01
-3.655809999999999782e+00
-7.015699999999999825e+00
-2.083509999999999973e+00
-1.199310000000000009e+01
-5.181980000000000253e+00
-1.127110000000000056e+01
-5.751129999999999853e+00
-6.768340000000000245e+00
-9.375489999999999213e+00
-1.507149999999999990e+00
-2.118170000000000108e+00
-9.948709999999999498e-01
-1.112109999999999932e+00
-3.248380000000000045e+00
-1.634880000000000111e+00
-1.002190000000000047e+01
-1.414879999999999916e+00
-3.363669999999999938e+00
-1.485740000000000061e+00
-5.193509999999999849e+00
-4.570310000000000095e+00
-1.012149999999999928e+01
-1.154549999999999965e+00
-4.478600000000000136e+00
-6.694049999999999834e+00
-8.760360000000000369e+00
-7.908400000000000318e+00
-8.598829999999999529e+00
-6.454110000000000014e+00
-1.979470000000000063e+00
-1.041419999999999924e+01
-3.518139999999999823e+00
-6.582019999999999982e+00
-1.397650000000000059e+00
-2.030969999999999942e+00
-7.504500000000000171e+00
-1.469470000000000054e+00
-1.049680000000000035e+01
-1.843809999999999949e+00
-5.188180000000000014e+00
-7.155409999999999826e+00
-4.841929999999999623e+00
-1.000899999999999901e+00
-1.119129999999999958e+00
-7.374390000000000001e+00
-4.054630000000000400e+00
-6.713619999999999699e+00
-8.443960000000000576e+00
-1.858989999999999920e+00
-1.357250000000000068e+00
-4.836039999999999672e+00
-2.332100000000000062e+00
-1.789509999999999934e+00
-5.182479999999999976e+00
-6.741729999999999556e+00
-2.740040000000000031e+00
-9.832940000000000680e+00
-4.681070000000000064e+00
-9.943479999999999208e+00
-3.760629999999999917e+00
-1.125980000000000025e+01
-1.083360000000000101e+00
-1.197920000000000051e+01
-1.860759999999999970e+00
-1.174660000000000082e+01
-9.164859999999999118e+00
-4.619530000000000136e+00
-7.932620000000000005e+00
-8.219219999999999970e+00
-1.198610000000000042e+01
-5.609300000000000175e+00
-7.505399999999999849e+00
-3.736790000000000056e+00
-8.823689999999999145e+00
-7.646449999999999747e+00
-8.075779999999999959e+00
-8.734389999999999432e+00
-3.309880000000000155e+00
-9.203640000000000043e+00
-1.196819999999999951e+01
-2.041640000000000121e+00
-1.121240000000000059e+01
-1.128589999999999982e+01
-1.199029999999999951e+01
-4.754649999999999821e+00
-4.850050000000000416e+00
-5.399499999999999744e+00
-1.199729999999999919e+01
-1.200000000000000000e+01
-1.191119999999999957e+00
-4.133650000000000269e+00
-1.143210000000000015e+01
-1.116000000000000014e+01
-2.823710000000000164e+00
-8.473470000000000724e+00
-5.965419999999999945e+00
-7.992119999999999891e+00
-4.922740000000000116e+00
-4.369799999999999685e+00
-1.298280000000000101e+00
-8.539460000000000051e+00
-1.197289999999999921e+01
-7.985719999999999708e+00
-8.096840000000000259e+00
-3.563619999999999788e+00
-1.199810000000000088e+01
-4.268209999999999837e+00
-4.407189999999999941e+00
-5.583949999999999747e+00
-6.696850000000000414e+00
-3.026260000000000172e+00
-4.622119999999999784e+00
-4.511470000000000091e+00
-1.198700000000000010e+01
-6.565459999999999852e+00
-9.367779999999999774e+00
-3.775250000000000217e+00
-1.164830000000000076e+01
-2.713509999999999867e+00
-1.191280000000000072e+01
-1.012330000000000041e+01
-6.119180000000000064e+00
-5.409939999999999749e+00
-4.390360000000000262e+00
-8.516040000000000276e-01
-4.898799999999999599e+00
-7.977769999999999584e-01
-3.904939999999999856e+00
-8.358660000000000423e+00
-5.902070000000000149e+00
-9.748340000000000671e+00
-3.307150000000000034e+00
-1.621599999999999930e+00
-6.663450000000000095e+00
-1.301800000000000068e+00
-1.049530000000000030e+01
-1.132620000000000005e+01
-6.940459999999999852e+00
-1.472720000000000029e+00
-4.806689999999999685e+00
-1.130870000000000042e+00
-6.645480000000000054e+00
-7.230249999999999844e+00
-9.419700000000000628e+00
-1.191750000000000043e+01
-5.907350000000000101e+00
-1.197610000000000063e+01
-5.450149999999999828e+00
-1.008409999999999940e+01
-7.839039999999999786e+00
-1.198499999999999943e+01
-7.340659999999999741e+00
-1.063959999999999972e+01
-8.278879999999999573e-01
-4.819670000000000343e+00
-5.571340000000000181e+00
-6.379839999999999733e+00
-4.802990000000000315e+00
-3.236450000000000049e+00
-1.197160000000000046e+01
-1.453009999999999913e+00
-5.493970000000000020e+00
-1.695079999999999920e+00
-1.028899999999999970e+01
-5.276740000000000208e+00
-1.599660000000000082e+00
-6.049459999999999837e+00
-3.726049999999999862e+00
-6.486799999999999677e+00
-2.295810000000000073e-01
-8.729430000000000689e+00
-1.068379999999999974e+01
-1.039830000000000076e+01
-1.014910000000000068e+01
-7.424660000000000259e+00
-9.212749999999999773e+00
-1.195519999999999960e+01
-1.047949999999999937e+00
-1.191810000000000080e+01
-8.016939999999999955e+00
-1.049430000000000085e+01
-2.685379999999999878e+00
-1.957000000000000073e+00
-1.173649999999999949e+01
-7.515049999999999564e+00
-8.763960000000000861e+00
-8.715460000000000207e+00
-8.563560000000000727e+00
-2.569900000000000073e+00
-7.351499999999999702e+00
-4.108489999999999753e+00
-8.017049999999999343e+00
-1.092399999999999949e+01
-8.169150000000000134e+00
-1.127020000000000088e+01
-2.411010000000000097e+00
-5.429490000000000371e+00
-7.763700000000000045e+00
-2.445520000000000138e+00
-7.511020000000000474e-01
-3.486149999999999860e+00
-1.569199999999999928e+00
-1.061340000000000039e+01
-1.826659999999999950e+00
-6.324539999999999829e+00
-1.175450000000000106e+00
-1.006670000000000087e+01
-8.468349999999999156e+00
-8.996700000000000585e+00
-1.096199999999999974e+01
-8.095169999999999533e+00
-2.516550000000000065e+00
-9.019410000000000593e+00
-2.668569999999999887e+00
-6.489519999999999733e+00
-1.199670000000000059e+01
-1.197850000000000037e+01
-1.235030000000000072e+00
-9.590260000000000673e+00
-9.338240000000000762e+00
-7.481029999999999625e+00
-1.200000000000000000e+01
-1.199230000000000018e+01
-9.541000000000000369e+00
-1.196940000000000026e+01
-6.985569999999999835e-01
-1.786249999999999893e+00
-1.187160000000000082e+01
-5.700239999999999974e+00
-2.560220000000000162e+00
-7.534209999999999852e+00
-8.931540000000000035e+00
-4.429540000000000255e+00
-2.472500000000000142e+00
-1.801069999999999949e+00
-7.766440000000000232e+00
-1.200000000000000000e+01
-8.537380000000000635e+00
-1.404360000000000053e+00
-8.882809999999999873e-01
-1.906979999999999897e+00
-1.197220000000000084e+01
-8.264799999999999258e+00
-1.558449999999999891e+00
-6.691329999999999778e+00
-6.599610000000000198e+00
-1.674150000000000027e+00
-7.664629999999999832e+00
-1.431750000000000078e+00
-9.129190000000000360e-01
-6.375300000000000189e+00
-1.667010000000000103e+00
-1.199810000000000088e+01
-3.753169999999999895e+00
-7.334410000000000096e+00
-7.528459999999999930e+00
-5.234180000000000277e+00
-6.557100000000000151e+00
-1.195059999999999967e+01
-1.271260000000000057e+00
-4.137459999999999916e+00
-5.083820000000000228e+00
-8.428720000000000212e+00
-1.761800000000000033e+00
-8.452170000000000627e+00
-5.011359999999999815e+00
-5.005709999999999660e+00
-3.764339999999999797e+00
-3.900490000000000013e+00
-2.605739999999999945e+00
-6.942330000000000112e+00
-7.469229999999999592e+00
-1.198189999999999955e+01
-1.196610000000000085e+01
-4.855220000000000091e+00
-1.018270000000000053e+01
-2.783090000000000064e+00
-8.680200000000000138e-01
-1.195420000000000016e+01
-8.049350000000000449e+00
-6.849199999999999733e+00
-1.812619999999999898e+00
-2.097199999999999953e+00
-1.235510000000000108e+00
-1.698399999999999910e+00
-5.154090000000000060e+00
-1.125709999999999944e+01
-6.385559999999999903e+00
-8.727309999999999235e+00
-4.072540000000000049e+00
-6.974239999999999995e+00
-1.102839999999999954e+01
-9.497099999999999653e+00
-5.817009999999999792e+00
-3.082390000000000185e+00
-1.194020000000000081e+01
-1.200229999999999908e+00
-8.851309999999999789e+00
-1.140570000000000084e+00
-4.726939999999999920e+00
-9.628180000000000405e+00
-9.941020000000000412e-01
-1.182010000000000005e+01
-1.634660000000000002e+00
-5.408089999999999620e+00
-3.682290000000000063e+00
-6.755489999999999995e+00
-1.210679999999999978e+00
-1.200000000000000000e+01
-8.282569999999999766e+00
-1.954260000000000108e+00
-1.717940000000000023e+00
-1.786829999999999918e+00
-2.369889999999999830e+00
-1.714599999999999902e+00
-8.256550000000000722e+00
-3.907849999999999824e+00
-1.274839999999999973e+00
-1.107520000000000060e+01
-9.291700000000000514e+00
-4.843890000000000029e+00
-5.333879999999999733e+00
-9.609999999999999432e+00
-9.735179999999999723e+00
-1.122330000000000005e+01
-1.489360000000000017e+00
-4.633200000000000429e+00
-7.620449999999999946e+00
-2.091219999999999857e+00
-1.526690000000000103e+00
-1.200000000000000000e+01
-8.058719999999999217e+00
-1.162740000000000107e+00
-3.156870000000000065e+00
-7.596870000000000012e+00
-2.737479999999999913e-01
-1.184340000000000082e+01
-1.082530000000000037e+01
-1.116009999999999991e+01
-1.026490000000000080e+01
-1.253109999999999946e+00
-1.098939999999999984e+01
-5.364729999999999777e+00
-8.140900000000000247e+00
-1.197150000000000070e+01
-9.717919999999999447e+00
-3.426120000000000054e+00
-7.620800000000000018e+00
-2.150030000000000108e+00
-9.568260000000000431e+00
-1.605580000000000007e+00
-8.637140000000000484e+00
-3.926769999999999872e+00
-5.559800000000000075e+00
-3.475299999999999834e+00
-7.158290000000000042e+00
-8.672390000000000043e+00
-1.097189999999999976e+01
-8.446049999999999613e+00
-9.279780000000000584e+00
-1.184699999999999953e+01
-1.200000000000000000e+01
-2.570889999999999898e+00
-2.823259999999999881e+00
-4.592249999999999943e+00
-8.334979999999999833e+00
-1.264250000000000096e-01
-9.018129999999999313e+00
-7.898749999999999716e+00
-8.233829999999999316e+00
-3.659980000000000011e+00
-1.049929999999999986e+01
-5.693480000000000096e+00
-5.855459999999999887e+00
-1.196950000000000003e+01
-1.994059999999999944e+00
-1.446269999999999945e+00
-6.128429999999999822e+00
-5.040269999999999584e+00
-5.998960000000000292e+00
-7.011529999999999596e+00
-8.081979999999999720e+00
-9.861359999999999459e+00
-1.136860000000000070e+01
-3.090440000000000076e+00
-7.309770000000000323e+00
-9.099009999999999820e+00
-7.491670000000000051e+00
-2.268019999999999925e+00
-3.514440000000000008e+00
-1.059580000000000055e+01
-1.451959999999999917e+00
-5.284749999999999837e+00
-1.170509999999999984e+01
-5.091140000000000221e+00
-9.965020000000000877e+00
-1.199890000000000079e+01
-1.131610000000000005e+00
-1.197990000000000066e+01
-4.947129999999999583e+00
-1.378759999999999986e+00
-3.155120000000000147e-01
-9.704980000000000828e+00
-8.076179999999999470e-01
-5.316209999999999880e+00
-7.781139999999999723e+00
-8.722899999999999210e+00
-2.193820000000000103e+00
-2.035779999999999923e+00
-7.917729999999999713e+00
-9.927960000000000562e+00
-1.199520000000000053e+01
-1.040220000000000056e+01
-7.803630000000000067e+00
-5.182509999999999728e+00
-1.059890000000000043e+01
-5.259430000000000049e+00
-3.844500000000000028e+00
-1.622409999999999908e+00
-1.024530000000000030e+01
-1.508189999999999920e+00
-1.100859999999999950e+01
-3.636979999999999880e+00
-1.098329999999999984e+01
-1.010919999999999952e+01
-8.390169999999999462e+00
-7.575179999999999580e+00
-4.076220000000000176e+00
-9.976869999999999905e+00
-9.757360000000000477e-01
-4.694779999999999731e+00
-4.396410000000000373e+00
-6.647109999999999630e+00
-1.093590000000000062e+00
-1.199499999999999922e+01
-9.134619999999999962e+00
-8.972039999999999793e+00
-1.492250000000000076e+00
-4.148159999999999847e+00
-1.429829999999999934e+00
-1.000430000000000064e+01
-9.897700000000000387e+00
-9.763109999999999289e+00
-5.213919999999999888e+00
-7.924459999999999837e+00
-1.581650000000000000e+00
-3.452409999999999979e+00
-7.193389999999999951e+00
-1.200000000000000000e+01
-1.159060000000000024e+01
-9.695109999999999673e+00
-1.181820000000000093e+00
-6.774639999999999773e+00
-1.093120000000000047e+01
-1.016660000000000075e+01
-2.045230000000000103e+00
-1.454080000000000039e+00
-1.010100000000000087e+01
-9.491880000000000095e+00
-1.128940000000000055e+01
-6.875320000000000320e+00
-1.170589999999999975e+01
-1.106370000000000076e+01
-3.430820000000000203e+00
-3.609170000000000211e+00
-5.219689999999999941e+00
-5.145010000000000083e+00
-1.020509999999999984e+01
-9.900380000000000180e+00
-6.780509999999999593e-01
-8.658730000000000260e+00
-9.730299999999999727e+00
-3.765219999999999789e+00
-1.189010000000000034e+01
-1.715549999999999908e+00
-1.199939999999999962e+01
-7.206000000000000405e+00
-1.848109999999999919e+00
-7.092760000000000176e+00
-2.342900000000000205e+00
-3.191460000000000186e+00
-1.078930000000000078e+01
-9.156769999999999632e-01
-1.024699999999999989e+01
-1.626109999999999944e+00
-4.975830000000000197e+00
-5.119830000000000325e+00
-9.927240000000000508e-01
-1.196410000000000018e+01
-1.114339999999999975e+01
-1.144219999999999970e+01
-3.162850000000000161e+00
-1.517980000000000107e+00
-4.743190000000000239e+00
-4.749130000000000074e+00
-1.196090000000000053e+01
-7.232639999999999958e+00
-2.117789999999999839e+00
-4.392479999999999940e+00
-4.285960000000000214e+00
-3.734780000000000211e+00
-1.934609999999999941e+00
-1.021069999999999922e+01
-5.304389999999999716e+00
-5.565319999999999823e+00
-9.737560000000000215e+00
-5.698140000000000427e+00
-4.299039999999999750e+00
-9.516080000000000538e+00
-8.121140000000000470e+00
-8.148849999999999483e+00
-1.104400000000000048e+01
-1.031949999999999967e+01
-1.196219999999999928e+01
-1.004890000000000061e+00
-8.725179999999999936e+00
