-1.722999999999999879e-02
-7.449500000000000392e-03
-2.467130000000000017e-02
-2.834870000000000098e-02
-8.832819999999999561e-02
-2.333210000000000058e-03
-1.228740000000000041e-02
-7.200869999999999840e-03
-9.157469999999999499e-02
-4.577869999999999856e-02
-4.721500000000000002e-02
-1.367600000000000066e-03
-1.492880000000000032e-03
-9.661690000000000556e-02
-4.508770000000000139e-02
-3.423040000000000110e-02
-2.580669999999999839e-02
-1.187260000000000095e-03
-2.201349999999999921e-03
-2.469010000000000215e-03
-1.806330000000000088e-02
-1.952570000000000000e-02
-2.589199999999999835e-02
-4.869819999999999705e-02
-5.072839999999999988e-02
-2.102839999999999918e-02
-1.733880000000000143e-02
-6.339350000000000540e-02
-3.683379999999999987e-02
-8.524959999999999483e-02
-1.595059999999999924e-03
-1.923250000000000046e-03
-1.979749999999999913e-02
-4.817310000000000342e-02
-1.446149999999999996e-03
-1.356800000000000020e-02
-1.993870000000000017e-02
-7.250059999999999838e-02
0.000000000000000000e+00
-4.701430000000000192e-02
-1.067919999999999980e-01
-5.561870000000000008e-02
